11
LamDong 235 535 268 530 291 506 294 534 272 556 250 551
DongNai 218 564 229 544 239 542 241 565 231 575 211 581
BinhThuan 295 543 274 558 249 553 248 567 245 579 302 547
BacNong 245 491 234 509 242 528 254 521 270 525 270 506
NgheAn 123 153 109 174 87 171 80 186 146 213 154 180
GiaLai 282 405 237 433 247 456 278 453 291 466 299 457
KonTum 242 364 233 427 249 416 279 400 269 382 261 385
QuangNam 249 333 223 348 265 377 281 357 268 339 259 342
QuangBinh 172 241 163 236 149 241 190 289 209 283 183 243
ThanhHoa 118 117 101 134 110 132 111 142 155 173 170 147
SonLa 69 55 49 110 64 117 89 106 106 117 119 90